
========================================
  IMU Diagnostic - Raw Data Output
========================================

[1] Checking IMU connection...
Version:1.0.0
[2] IMU found! Initializing...
[3] Streaming sensor data...

Rotate the IMU and observe the output.

----------------------------------------------------------------------------------------------------------------------------------------
TIME	RAW_MAG_X	RAW_MAG_Y	RAW_MAG_Z	EULER_YAW		QUAT_W		QUAT_X		QUAT_Y		QUAT_Z
----------------------------------------------------------------------------------------------------------------------------------------
3264	18.7506		1.7090		-41.7737		-4.9012		-0.997375		0.001575		0.002518		0.042834
3371	18.7506		2.2706		-42.0911		-4.9841		-0.997345		0.003045		0.002604		0.043561
3479	18.7506		2.0264		-42.0179		-4.9493		-0.997360		0.002114		0.002571		0.043255
3587	18.7506		1.9532		-41.7981		-4.9735		-0.997345		0.002418		0.002572		0.043467
3695	18.7506		1.6114		-41.8470		-4.9491		-0.997360		0.001740		0.002496		0.043252
3803	18.7506		1.8311		-41.7005		-4.9390		-0.997360		0.001877		0.002566		0.043195
3911	18.7506		1.9288		-41.7249		-4.9018		-0.997375		0.001397		0.002499		0.042838
4019	18.7506		1.6358		-41.6761		-4.8969		-0.997375		0.001420		0.002588		0.042795
4127	18.7506		1.8799		-41.7249		-4.8688		-0.997391		0.001244		0.002522		0.042550
4235	19.5563		1.7090		-41.6028		-4.9032		-0.997375		0.001929		0.002618		0.042852
4343	18.7506		1.6846		-41.9202		-4.8607		-0.997391		0.001242		0.002817		0.042479
4451	18.7506		1.7090		-41.5784		-4.8628		-0.997391		0.001502		0.002557		0.042498
4559	18.7506		1.5381		-41.7981		-4.7967		-0.997421		0.000705		0.002539		0.041919
4667	18.7506		1.1231		-41.8714		-4.6838		-0.997467		-0.000437		0.002379		0.040930
4775	18.7506		1.3916		-41.7493		-4.6021		-0.997498		-0.000710		0.002331		0.040215
4883	18.7506		2.2950		-41.4808		-4.7102		-0.997452		0.002268		0.002906		0.041168
4991	18.7506		1.9532		-41.4319		-4.7724		-0.997421		0.002921		0.002813		0.041685
5099	18.7506		1.4893		-41.6761		-4.7029		-0.997452		0.001578		0.002566		0.041102
5207	18.7506		1.2696		-41.5052		-4.6025		-0.997498		0.000193		0.002447		0.040221
5315	18.7506		1.8555		-41.4808		-4.5896		-0.997498		0.000968		0.002709		0.040111
5423	18.7506		1.7823		-41.5052		-4.5733		-0.997498		0.002631		0.002580		0.039973
5531	18.7506		1.6358		-41.9446		-4.6622		-0.997467		0.001261		0.002603		0.040746
5639	18.7506		1.7579		-41.3343		-4.6043		-0.997498		0.001453		0.000662		0.040212
5747	18.7506		1.8311		-41.4319		-4.9221		-0.997360		0.002594		0.005718		0.043025
5855	18.7506		1.6602		-42.0667		-5.2823		-0.997223		-0.000571		0.004278		0.046154
5963	18.7506		2.1729		-41.9691		-5.9096		-0.996964		0.001929		0.000919		0.051637
6071	19.6539		2.8077		-41.6028		-7.2653		-0.996277		0.003136		-0.000116		0.063465
6179	18.7506		2.8077		-41.6028		-9.0208		-0.995270		0.009808		0.001968		0.078775
6287	18.7506		3.7355		-42.0423		-11.0827		-0.993607		-0.000116		-0.002491		0.096724
6395	18.7506		4.2238		-41.5296		-13.7518		-0.991058		-0.005358		-0.001785		0.119926
6503	18.7506		5.2248		-41.8958		-17.4619		-0.986649		-0.003370		-0.000692		0.152042
6611	12.5004		6.1769		-41.5540		-21.0776		-0.981354		-0.003006		-0.001185		0.183193
6719	12.5004		7.2268		-41.6272		-24.7787		-0.974899		-0.000901		0.002546		0.214879
6827	12.5004		8.1301		-42.0179		-29.5704		-0.966003		-0.002163		0.002080		0.251904
6935	12.5004		9.5950		-41.8226		-34.1261		-0.954056		-0.005962		0.003622		0.293816
7043	12.5004		10.8158		-41.7249		-38.2610		-0.942810		-0.004889		0.001031		0.328155
7151	12.5004		11.8412		-42.1400		-41.5355		-0.933029		-0.003692		-0.001676		0.355034
7259	12.5004		12.0853		-42.3597		-44.4639		-0.923615		-0.005513		-0.001236		0.378822
7367	12.5004		12.6225		-41.8958		-47.0322		-0.915756		-0.003339		-0.001468		0.399470
7475	6.2502		13.1108		-41.8470		-50.2077		-0.904648		-0.005165		0.000371		0.422132
7583	6.2502		14.2827		-42.1888		-54.0132		-0.888779		-0.008686		0.002206		0.454541
7691	6.2502		15.0884		-42.1155		-58.0143		-0.872360		-0.003444		-0.003138		0.485353
7799	6.2502		15.4546		-42.0423		-60.7593		-0.860474		-0.001509		-0.003969		0.506138
7907	8.6917		15.4057		-42.2620		-63.2979		-0.849030		-0.002671		-0.002078		0.525112
8015	6.2502		16.1626		-41.9202		-66.0733		-0.837463		-0.000807		-0.001749		0.545547
8123	6.2502		16.7241		-42.0179		-69.0099		-0.821777		-0.000008		-0.003256		0.566813
8231	0.0000		16.4312		-42.3841		-71.6433		-0.808517		0.000316		-0.005320		0.585556
8339	0.0000		16.7730		-42.0179		-74.6492		-0.792877		-0.000880		-0.001284		0.606601
8447	0.0000		17.0171		-42.1155		-77.9436		-0.775101		0.000237		-0.002414		0.629156
8555	0.0000		16.9195		-42.4574		-81.4817		-0.755295		0.000719		-0.001750		0.652800
8663	0.0000		17.3589		-42.2864		-85.0068		-0.734848		0.001147		-0.001374		0.675732
8771	0.0000		17.3589		-42.0667		-88.7214		-0.712555		0.003413		-0.002187		0.699196
8879	-6.2502		17.3101		-42.0911		-92.3158		-0.690262		0.003757		-0.004639		0.721188
8987	-6.2502		17.5298		-42.3841		-95.5327		-0.669769		0.001223		-0.003118		0.740283
9094	-6.2502		16.8462		-41.9691		-99.5778		-0.643234		-0.000629		-0.000055		0.763456
9202	-6.2502		16.2847		-42.2132		-103.4186		-0.619446		0.002796		-0.002443		0.782872
9310	-6.2502		16.1870		-42.3109		-106.4114		-0.596603		0.004805		-0.003910		0.800399
9418	-12.5004		15.5278		-42.2620		-109.7240		-0.573242		0.006542		-0.002290		0.817296
9526	-12.5004		15.6011		-42.2620		-113.1975		-0.548218		0.008733		-0.001801		0.834269
9634	-12.5004		15.3569		-41.9935		-117.3114		-0.517960		0.008532		-0.000472		0.853382
9742	-12.5004		14.4292		-42.0423		-121.4663		-0.486783		0.003939		-0.001846		0.871580
9850	-12.5004		13.2084		-42.3841		-125.4803		-0.459007		0.004082		-0.000197		0.886522
9958	-12.5004		12.9154		-42.1155		-129.2201		-0.426865		-0.000987		0.001600		0.902445
10066	-12.5004		11.6459		-42.0423		-132.3942		-0.401756		0.003283		-0.000643		0.913895
10174	-18.7506		11.4750		-41.8714		-135.3092		-0.378433		0.005911		0.001002		0.923785
10282	-18.7506		10.5228		-42.2620		-138.0014		-0.356682		0.005541		0.001148		0.932401
10390	-18.7506		10.3763		-42.4085		-140.7174		-0.336723		0.004195		0.000857		0.940578
10498	-18.7506		9.4974		-41.8714		-144.1120		-0.309258		0.004216		0.004111		0.949183
10606	-18.7506		8.7405		-41.7737		-146.8351		-0.284027		0.002778		0.002076		0.957049
10714	-18.7506		8.0569		-41.7493		-149.2612		-0.263756		0.003157		-0.000346		0.962834
10822	-18.7506		7.3977		-42.0911		-151.4905		-0.245026		0.004193		-0.001164		0.967766
10930	-16.0894		7.1047		-41.7005		-154.0734		-0.223152		0.010553		-0.004298		0.972985
11038	-18.7506		6.7385		-41.6761		-156.9026		-0.201416		-0.000877		-0.004389		0.978215
11146	-18.7506		6.0305		-42.1400		-159.3134		-0.178654		0.000214		-0.001833		0.982195
11254	-18.7506		5.3224		-41.9935		-161.8069		-0.157310		-0.000191		-0.002279		0.985837
11362	-18.7506		4.8830		-42.0179		-163.8710		-0.139587		-0.000314		-0.002961		0.988501
11470	-18.7506		4.2726		-42.0667		-165.8263		-0.122757		-0.000224		-0.004758		0.990725
11578	-18.7506		3.3937		-41.4075		-168.2822		-0.101563		-0.000819		0.004400		0.993123
11686	-18.7506		3.1739		-41.9202		-170.7625		-0.082270		-0.005116		-0.008418		0.994868
11794	-18.7506		2.9786		-41.9202		-172.1186		-0.068380		-0.004399		-0.001511		0.995957
11902	-18.7506		2.2706		-41.6761		-174.2253		-0.050117		0.000202		-0.006804		0.997030
12010	-18.7506		1.2696		-41.6761		-176.7366		-0.028309		0.002875		-0.007494		0.997879
12118	-18.7506		0.5860		-41.6272		-178.5862		-0.012306		-0.004124		-0.007432		0.998200
12226	-18.7506		0.0000		-41.4563		179.3816		0.003371		-0.003103		-0.004370		0.998292
12334	-18.7506		-1.1231		-41.7981		177.0842		0.023828		0.002401		-0.000916		0.998025
12442	-18.7506		-1.5137		-41.8470		175.6163		0.038053		0.000750		-0.001042		0.997586
12550	-18.7506		-1.9288		-41.9202		173.1049		0.059843		-0.009663		0.002181		0.996468
12658	-18.7506		-2.7345		-41.8226		169.7441		0.088945		-0.009017		0.003110		0.994296
12766	-17.6275		-4.3214		-41.4563		166.3185		0.118505		-0.003117		-0.001526		0.991248
12874	-18.7506		-5.2492		-41.7005		161.7665		0.153706		-0.002029		-0.009486		0.985735
12982	-18.7506		-6.9094		-41.1390		157.4914		0.194244		0.004703		-0.009912		0.979171
13090	-18.7506		-8.7893		-41.5296		153.0639		0.231789		0.002108		-0.009794		0.970979
13198	-18.7506		-10.3519		-41.7249		147.5058		0.278435		0.001239		-0.002956		0.958691
13306	-18.7506		-11.6459		-41.3343		142.4821		0.320068		0.001340		0.000654		0.945612
13414	-18.7506		-12.2562		-41.6272		138.7970		0.350231		-0.000194		-0.000942		0.934861
13522	-18.7506		-13.5258		-41.7249		135.0931		0.377167		-0.003279		-0.004783		0.924303
13630	-12.5004		-14.1850		-41.2366		131.2934		0.410492		-0.003567		-0.011555		0.909931
13738	-12.5004		-15.1616		-41.3831		126.5097		0.448105		0.006450		-0.015021		0.891941
13846	-12.5004		-16.0649		-41.1390		121.0253		0.490173		0.005808		-0.013544		0.869561
13954	-12.5004		-16.9683		-41.1878		115.5144		0.531296		0.004465		0.004410		0.845168
14061	-12.5004		-17.8716		-41.2854		110.1846		0.566589		0.003498		-0.008413		0.821894
14169	-6.2502		-18.2623		-40.9925		106.1774		0.598221		-0.007442		-0.014942		0.799049
14277	-6.2502		-18.7994		-41.2122		102.8643		0.620972		-0.012142		-0.016537		0.781402
14385	-6.2502		-19.0680		-40.9436		100.4245		0.637573		-0.001657		-0.005539		0.768165
14493	-6.2502		-19.0924		-41.4319		98.0504		0.653351		-0.002254		-0.001045		0.754818
14601	-6.2502		-19.2877		-40.9680		97.6544		0.655685		-0.012796		-0.004382		0.752541
14709	-6.2502		-19.0436		-40.8704		98.2515		0.652939		-0.004227		-0.007568		0.755126
14817	-6.2502		-19.2145		-40.5530		99.2105		0.645676		-0.002434		-0.001738		0.761390
14925	-6.2502		-19.2389		-41.3099		99.1886		0.645828		0.001577		-0.006919		0.761234
15033	-6.2502		-19.6051		-40.7239		99.1112		0.646332		0.002435		-0.008173		0.760783
15141	-6.2502		-19.4586		-40.9680		99.4023		0.644394		0.002827		-0.003100		0.762463
15249	-6.2502		-19.3854		-40.9436		99.8841		0.641129		0.000361		0.002896		0.765167
15357	-6.2502		-19.4342		-40.9436		99.6660		0.642639		-0.002553		-0.002734		0.763946
15465	-6.2502		-19.6051		-40.8948		98.7267		0.648865		0.005565		0.000183		0.758659
15573	-6.2502		-19.6539		-41.3099		95.6084		0.669266		0.003777		-0.002044		0.740728
15681	-6.2502		-19.5563		-40.9680		91.2848		0.696716		0.004990		-0.010563		0.714883
15789	0.0000		-19.9225		-40.7727		87.3869		0.720642		0.003553		-0.004675		0.690838
15897	0.0000		-19.6783		-40.8704		82.6501		0.746170		0.001302		0.000889		0.663213
16005	0.0000		-19.8248		-41.1145		78.9381		0.769592		-0.000603		-0.007017		0.635832
16113	0.0000		-19.0680		-40.6995		75.2887		0.789474		-0.000167		-0.007696		0.610980
16221	0.0000		-18.7262		-40.9192		71.6188		0.808640		0.001320		-0.007152		0.585371
16329	6.2502		-18.0670		-41.1878		68.1205		0.826141		-0.001509		-0.013468		0.560290
16437	6.2502		-18.0425		-41.0901		64.8714		0.841711		-0.003728		-0.015177		0.536569
16545	6.2502		-17.4810		-41.0901		61.6819		0.854889		-0.002410		-0.013455		0.515350
16652	6.2502		-16.9439		-40.7483		58.3805		0.870789		-0.002963		-0.011824		0.488042
16760	6.2502		-16.4800		-41.2610		54.8328		0.885498		-0.001715		-0.014461		0.460766
16868	6.2502		-15.7720		-40.8704		50.6578		0.901688		-0.001523		-0.018222		0.428069
16976	12.5004		-14.6489		-41.0657		46.2510		0.917471		-0.005484		-0.022336		0.392868
17084	12.5004		-13.7211		-41.4563		42.4717		0.928940		-0.008023		-0.020978		0.364927
17192	12.5004		-13.2084		-41.1390		39.2866		0.939819		0.000216		-0.007637		0.336577
17300	12.5004		-12.2562		-41.3587		35.4029		0.950714		0.003501		-0.006572		0.304477
17408	12.5004		-10.7913		-41.2854		31.3027		0.960968		-0.000096		-0.013772		0.270099
17516	12.5004		-9.2288		-41.5052		26.7278		0.971008		0.000437		-0.014192		0.231422
17624	12.5004		-7.5442		-41.6517		21.3065		0.980103		-0.000397		-0.011254		0.185118
17732	12.5004		-5.7375		-41.6272		16.5942		0.987198		-0.004427		-0.007966		0.148194
17840	12.5004		-3.1007		-41.6272		12.4157		0.992325		-0.010646		-0.008970		0.108214
17948	12.5004		-1.7823		-41.7005		8.3530		0.995483		-0.011608		-0.014378		0.072768
18056	12.5004		-0.3662		-41.8958		3.6391		0.997360		-0.018313		-0.023665		0.031350
18164	18.3599		1.4893		-41.7737		-0.8298		0.997787		-0.020559		-0.023419		-0.007732
18272	12.5004		2.4171		-42.2376		-4.2282		0.997238		-0.023927		-0.017808		-0.037365
18380	12.5004		4.0284		-42.0179		-6.9962		0.996048		-0.020511		-0.017581		-0.061460
18488	12.5004		4.7365		-42.4329		-10.1165		0.993988		-0.021123		-0.017373		-0.088656
18596	12.5004		5.4933		-42.2620		-12.2048		0.992142		-0.024887		-0.015005		-0.106841
18704	12.5004		5.9328		-41.8958		-13.3209		0.991028		-0.025944		-0.015246		-0.116558
18812	12.5004		6.3478		-41.8470		-14.5134		0.989700		-0.029311		-0.012567		-0.126899
18920	12.5004		6.7385		-41.9691		-16.2615		0.988007		-0.023090		-0.013382		-0.140537
19028	12.5004		7.4221		-41.9446		-17.1402		0.986603		-0.024609		-0.015746		-0.149616
19136	12.5004		6.9094		-41.9446		-17.1096		0.986588		-0.024629		-0.018145		-0.149390
19244	12.5004		6.4211		-41.5784		-17.2627		0.986755		-0.009597		-0.014968		-0.150412
19352	18.7506		6.0793		-41.8958		-17.4517		0.986526		0.004083		0.016649		-0.151955
19459	18.7506		6.2258		-41.6272		-17.6067		0.986481		-0.000641		0.004229		-0.153149
19566	18.7506		6.0060		-41.9202		-17.6513		0.986389		-0.002503		0.005864		-0.153654
19674	18.7506		5.9816		-41.5296		-17.6484		0.986389		-0.002357		0.005647		-0.153631
19782	18.7506		6.0305		-41.4075		-17.6026		0.986465		-0.002195		0.004065		-0.153243
19890	18.7506		5.6642		-41.6028		-17.5650		0.986511		-0.001961		0.004327		-0.152919
19998	18.7506		6.0793		-41.6517		-17.5476		0.986542		-0.002233		0.004294		-0.152765
20106	18.7506		5.7863		-41.5784		-17.4735		0.986633		-0.001525		0.004111		-0.152130
20214	12.5004		6.1037		-41.7249		-17.4559		0.986664		-0.002164		0.003819		-0.151977
20321	18.7506		6.0549		-41.9691		-17.4688		0.986649		-0.002766		0.003766		-0.152087
20429	18.9215		6.1769		-41.6028		-17.4732		0.986633		-0.003087		0.003679		-0.152124
20537	18.7506		6.3234		-41.2610		-17.4808		0.986633		-0.003236		0.003631		-0.152190
20645	18.7506		6.1525		-41.6028		-17.4773		0.986633		-0.003252		0.003658		-0.152159
20753	12.5004		6.4455		-41.3831		-17.5116		0.986588		-0.003868		0.003668		-0.152454
20861	18.7506		6.0549		-41.8226		-17.5107		0.986588		-0.003412		0.003742		-0.152447
20969	12.5004		5.8840		-41.7005		-17.4959		0.986603		-0.003150		0.003828		-0.152319
21076	18.7506		6.1525		-41.8470		-17.4870		0.986618		-0.003081		0.003699		-0.152244
