
========================================
  IMU Diagnostic - Raw Data Output
========================================

[1] Checking IMU connection...
Version:1.0.0
[2] IMU found! Initializing...
[3] Streaming sensor data...

Rotate the IMU and observe the output.

--------------------------------------------------------------------------------
TIME	RAW_MAG_X	RAW_MAG_Y	RAW_MAG_Z	EULER_YAW	QUAT_W		QUAT_Z
--------------------------------------------------------------------------------
1207	18.7506		1.7823		-41.4319		-5.3299		0.997223		-0.046575
1314	18.7506		1.8555		-41.5540		-5.3718		0.997208		-0.046941
1422	18.7506		2.1973		-41.7493		-5.4774		0.997162		-0.047862
1529	18.7506		1.9532		-41.9446		-5.5555		0.997116		-0.048544
1637	18.7506		1.9288		-41.5784		-5.6128		0.997101		-0.049044
1744	18.7506		1.6358		-41.2610		-5.6200		0.997103		-0.049107
1851	18.7506		1.3916		-41.6028		-5.5293		0.997131		-0.048317
1958	18.7506		1.4893		-41.6028		-5.4403		0.997162		-0.047541
2065	18.7506		1.4893		-41.6272		-5.4423		0.997162		-0.047558
2173	18.7506		1.3672		-41.9202		-5.4175		0.997184		-0.047341
2281	18.7506		1.2452		-41.7005		-5.3849		0.997192		-0.047137
2388	18.7506		1.4405		-41.4808		-5.3300		0.997208		-0.046578
2496	18.7506		1.6602		-41.9691		-5.3371		0.997208		-0.046638
2604	18.7506		1.5625		-41.4808		-5.3710		0.997192		-0.046934
2712	19.6051		1.9532		-41.1878		-5.3929		0.997192		-0.047125
2820	18.7506		1.4893		-41.3343		-5.3660		0.997192		-0.046918
2928	18.7506		1.3672		-41.7005		-5.3342		0.997208		-0.046613
3036	18.7506		1.0987		-41.7493		-5.2667		0.997238		-0.046027
3144	18.7506		1.5137		-41.4563		-5.1964		0.997269		-0.045415
3251	18.7506		1.9776		-41.5540		-5.4395		0.997177		-0.047532
3358	18.7506		1.7090		-41.5784		-6.2859		0.996841		-0.053942
3465	18.7506		2.5391		-41.5784		-7.9696		0.995865		-0.069610
3573	18.7506		3.4425		-41.8226		-10.5192		0.994080		-0.091821
3680	18.7506		4.1505		-41.7737		-13.0618		0.991760		-0.113928
3787	18.7506		4.7365		-41.7005		-15.2597		0.989655		-0.131054
3895	12.5004		5.7375		-41.6028		-17.9014		0.986053		-0.155844
4003	12.5004		6.5920		-41.3587		-20.9189		0.981598		-0.181832
4111	12.5004		6.9094		-41.2122		-23.8382		0.976608		-0.206843
4219	17.5542		7.5930		-41.4319		-26.2433		0.972061		-0.227364
4327	12.5004		7.9104		-41.6272		-29.3233		0.966217		-0.250921
4435	12.5004		8.4719		-41.9935		-31.8967		0.959549		-0.275210
4543	12.5004		9.2532		-41.7737		-34.2496		0.953674		-0.294910
4651	12.5004		9.6438		-41.9202		-36.5204		0.947662		-0.313784
4758	15.0884		10.7181		-41.8226		-39.4045		0.939423		-0.337607
4865	12.5004		11.3773		-42.3109		-42.9889		0.929443		-0.364173
4973	12.5004		12.0365		-41.7493		-46.3270		0.917297		-0.393824
5080	12.5004		12.4516		-42.0667		-49.6304		0.905533		-0.420148
5187	11.6459		14.0385		-42.0179		-53.2829		0.891602		-0.448893
5294	6.2502		14.2338		-41.7981		-57.6540		0.875534		-0.479427
5402	6.2502		14.8198		-42.2376		-60.7705		0.860413		-0.506208
5510	6.2502		15.4546		-41.8226		-63.3474		0.848770		-0.525486
5617	6.2502		16.0161		-42.1888		-65.1901		0.840149		-0.539099
5724	6.2502		16.3579		-42.0911		-67.6565		0.829193		-0.555886
5832	6.2502		16.6753		-42.0179		-68.5884		0.823853		-0.563784
5940	0.0000		16.1626		-41.8226		-70.4163		0.814728		-0.576853
6047	0.0000		16.7730		-42.0423		-73.2945		0.799988		-0.597165
6154	0.0000		17.0171		-42.2620		-75.6823		0.788254		-0.613699
6262	0.0000		17.2613		-41.9691		-76.7887		0.781921		-0.620562
6370	0.0000		17.4566		-41.6272		-77.8730		0.775436		-0.628450
6477	0.0000		17.1392		-42.1888		-77.7949		0.775879		-0.628035
6584	3.6378		16.6509		-42.6038		-77.9273		0.775162		-0.628954
6691	0.0000		16.6021		-42.5550		-77.9789		0.774780		-0.629504
6799	0.0000		17.1148		-42.3109		-77.9200		0.775223		-0.628994
6906	0.0000		16.8218		-42.5062		-77.9821		0.774887		-0.629398
7014	0.0000		17.1392		-42.2620		-78.0889		0.774292		-0.630109
7122	0.0000		17.4322		-42.0667		-78.1920		0.773736		-0.630830
7230	0.0000		17.0660		-42.2620		-78.1796		0.773727		-0.630835
7338	0.0000		16.8462		-42.2132		-78.2762		0.773270		-0.631388
7445	0.0000		17.0660		-42.3109		-78.5190		0.771851		-0.633009
7552	0.0000		16.7486		-42.0911		-79.8753		0.764236		-0.642131
7659	0.0000		17.7984		-42.0179		-83.8994		0.744308		-0.665297
7766	0.0000		17.6031		-42.1155		-89.0453		0.710556		-0.701189
7874	-6.2502		17.7007		-42.1400		-92.9109		0.686310		-0.724701
7981	-6.2502		17.3101		-42.2376		-96.6749		0.662292		-0.746888
8089	-6.2502		17.1636		-42.2620		-100.7077		0.638229		-0.769746
8197	-6.2502		16.3335		-42.3109		-105.2680		0.604553		-0.794419
8304	-12.5004		16.5288		-41.8958		-111.0045		0.564102		-0.823649
8412	-12.5004		15.5766		-42.1155		-116.0530		0.527328		-0.847649
8519	-12.5004		14.4536		-41.7249		-119.7026		0.500087		-0.863979
8626	-12.5004		13.8676		-42.3841		-122.5664		0.478386		-0.876191
8734	-12.5004		13.4770		-42.0423		-125.6760		0.454498		-0.888827
8842	-12.5004		12.9643		-41.5784		-128.6036		0.431709		-0.900140
8949	-12.5004		12.4760		-42.2132		-131.8076		0.406425		-0.911833
9056	-18.7506		11.8900		-41.7493		-134.1058		0.390030		-0.918958
9164	-18.7506		11.8412		-42.2620		-136.2739		0.370659		-0.926932
9272	-18.7506		10.8890		-41.8958		-139.1535		0.347321		-0.935839
9380	-18.7506		10.0345		-41.8714		-142.1034		0.323074		-0.944411
9487	-18.7506		8.7649		-41.7737		-145.4276		0.295853		-0.953264
9594	-18.7506		8.6428		-41.6761		-147.8233		0.275589		-0.959298
9702	-18.7506		7.6907		-41.9935		-150.2227		0.255669		-0.964956
9809	-18.7506		7.7395		-42.4329		-151.6979		0.243286		-0.968125
9917	-18.7506		7.1535		-42.1400		-153.7516		0.225777		-0.972252
10025	-18.7506		6.7141		-42.0911		-156.5389		0.203732		-0.977361
10133	-18.7506		6.4455		-42.0911		-157.0948		0.197609		-0.978514
10240	-18.7506		6.2014		-42.3597		-157.4398		0.194664		-0.979118
10348	-18.7506		5.8351		-42.3841		-157.6059		0.193115		-0.979360
10455	-18.7506		6.0305		-42.3597		-159.6323		0.175983		-0.982601
10562	-18.7506		4.9318		-42.1155		-164.2493		0.140667		-0.988319
10669	-18.7506		3.7599		-41.7737		-168.8037		0.097029		-0.993542
10776	-18.7506		2.3682		-42.0667		-172.8717		0.061827		-0.996336
10884	-18.7506		1.1231		-41.4319		-176.9951		0.026084		-0.997969
10992	-18.7506		-0.0977		-41.6028		178.2170		-0.011832		-0.998221
11099	-18.7506		-1.0498		-41.3831		174.2293		-0.049998		-0.996954
11206	-18.7506		-2.9298		-41.6272		170.5027		-0.082253		-0.994812
11313	-18.7506		-3.3204		-41.4808		167.4360		-0.108799		-0.992262
11421	-18.7506		-4.4191		-41.5052		163.9951		-0.135067		-0.988993
11529	-18.7506		-5.7375		-41.4563		160.3579		-0.169720		-0.983729
11636	-18.7506		-6.9582		-41.4563		157.5577		-0.193657		-0.979311
11743	-18.7506		-7.6174		-41.1878		155.4373		-0.211678		-0.975597
11851	-18.7506		-8.5940		-41.7249		153.1628		-0.228977		-0.971216
11958	-18.7506		-9.4485		-41.1634		150.8067		-0.250793		-0.966286
12065	-18.7506		-10.2298		-41.3831		148.0645		-0.273750		-0.960031
12173	-18.7506		-10.8158		-41.0901		146.7206		-0.284981		-0.956763
12281	-15.3813		-10.8402		-41.6028		146.1573		-0.289680		-0.955334
12388	-18.7506		-11.0355		-41.1145		145.3969		-0.295135		-0.953685
12496	-18.7506		-11.3773		-41.2610		144.0975		-0.306740		-0.950014
12604	-18.7506		-11.8168		-41.0901		141.9635		-0.324303		-0.944142
12711	-18.7506		-12.2318		-41.3587		140.0827		-0.339691		-0.938697
12819	-18.7506		-12.7934		-41.2854		137.3519		-0.359421		-0.930279
12926	-18.7506		-13.8920		-41.2366		133.9924		-0.389015		-0.919384
13033	-12.5004		-14.9907		-41.1634		129.6610		-0.423409		-0.904053
13140	-12.5004		-15.8208		-41.0657		125.2222		-0.457977		-0.886969
13248	-12.5004		-16.7730		-40.8460		119.9063		-0.494682		-0.864807
13355	-12.5004		-17.4566		-40.8460		115.2355		-0.533310		-0.843855
13462	-12.5004		-17.8961		-41.1145		111.0568		-0.563705		-0.823892
13570	-6.2502		-18.4576		-40.6507		107.7109		-0.587509		-0.807106
13678	-4.8341		-18.8726		-41.0657		103.9505		-0.613632		-0.787419
13785	-6.2502		-18.9459		-41.2854		100.7900		-0.633209		-0.771757
13892	-6.2502		-19.3365		-40.6262		97.9022		-0.654327		-0.753929
14000	-6.2502		-19.6783		-41.2366		94.0193		-0.679489		-0.731341
14107	-6.2502		-19.7272		-41.3587		89.5629		-0.707397		-0.704347
14215	0.0000		-19.6783		-41.1145		84.6657		-0.734192		-0.672434
14323	0.0000		-19.8004		-41.4075		80.1564		-0.762772		-0.643978
14431	0.0000		-19.3121		-41.0657		75.6816		-0.787369		-0.613700
14538	0.0000		-19.0680		-41.0901		71.3176		-0.810181		-0.583251
14645	6.2502		-18.5064		-41.3099		67.6998		-0.830688		-0.557375
14752	6.2502		-18.2623		-41.3831		65.2761		-0.839828		-0.539710
14859	6.2502		-17.6275		-41.4563		60.9611		-0.859512		-0.507681
14967	6.2502		-17.2857		-40.9436		56.2430		-0.879791		-0.471772
15074	6.2502		-16.6021		-41.2610		51.9958		-0.895065		-0.438666
15182	12.5004		-15.7231		-40.6262		47.3312		-0.912247		-0.405125
15290	12.5004		-14.7221		-41.2610		43.2999		-0.927353		-0.369205
15398	12.5004		-13.4281		-41.5540		39.0181		-0.940521		-0.334406
15506	12.5004		-12.7201		-41.0657		34.9853		-0.951782		-0.301031
15614	16.2847		-11.4017		-41.5052		31.1698		-0.961334		-0.269026
15722	12.5004		-10.1810		-41.0169		27.4000		-0.968948		-0.237028
15830	12.5004		-9.1800		-41.3587		24.8205		-0.974701		-0.215158
15938	12.5004		-7.7151		-41.7249		21.8895		-0.979919		-0.190108
16046	12.5004		-6.8117		-41.2366		19.3196		-0.983902		-0.168019
16153	12.5004		-5.5422		-41.7737		16.5643		-0.987717		-0.144257
16260	12.5004		-4.7121		-42.0423		13.2846		-0.991165		-0.118469
16367	12.5004		-3.2228		-41.9202		9.9880		-0.994385		-0.087109
16475	18.7506		-2.2950		-41.5784		6.9463		-0.996338		-0.060642
16583	18.7506		-1.3916		-42.0423		3.8162		-0.997574		-0.033266
16690	18.7506		-0.1221		-41.6761		0.5833		-0.998138		-0.005054
16797	18.7506		1.1475		-41.7981		-2.2649		-0.997971		0.019885
16905	18.7506		1.6846		-41.9446		-4.5538		-0.997467		0.039817
17013	18.7506		2.5391		-42.0911		-6.5131		-0.996628		0.056948
17121	18.7506		3.4425		-41.8958		-8.3963		-0.995499		0.073411
17228	18.7506		3.6866		-41.7493		-10.6927		-0.994034		0.091309
17336	12.5004		4.6632		-41.7493		-13.1823		-0.991608		0.115020
17444	12.5004		4.9806		-42.2864		-15.2141		-0.989395		0.132644
17552	12.5004		5.6154		-42.3109		-16.5546		-0.987778		0.144219
17659	12.5004		6.1525		-41.7981		-16.6599		-0.987564		0.145154
17766	12.5004		5.6642		-41.9202		-15.7652		-0.988754		0.137713
17873	12.5004		5.5177		-42.2132		-15.6814		-0.988907		0.136634
17980	12.5004		5.6642		-42.0667		-15.6537		-0.988907		0.136422
18088	18.6529		5.4445		-42.3353		-15.5938		-0.988998		0.135891
18195	12.5004		5.2492		-41.7981		-15.5503		-0.989059		0.135532
18302	12.5004		5.4201		-41.9202		-15.5423		-0.989059		0.135445
18410	12.5004		5.4933		-42.0911		-15.5472		-0.989059		0.135490
18517	18.2867		5.7131		-41.7737		-15.5761		-0.989014		0.135742
18624	12.5004		5.2980		-41.8470		-15.5714		-0.989014		0.135739
18731	12.5004		5.3957		-41.7493		-15.5617		-0.989029		0.135617
18838	12.5004		5.6642		-41.6272		-15.5729		-0.989029		0.135714
18945	12.5004		5.4201		-41.7493		-15.5848		-0.988998		0.135817
19052	12.5004		5.5910		-42.1644		-15.6023		-0.988983		0.135971
19159	12.5004		5.7375		-41.9935		-15.6436		-0.988937		0.136330
19266	12.5004		5.7619		-41.8958		-15.6814		-0.988892		0.136659
19374	12.5004		5.6398		-42.1155		-15.6912		-0.988876		0.136741
19482	12.5004		5.5177		-41.8958		-15.7038		-0.988861		0.136842
19589	12.5004		5.4933		-41.7249		-15.7125		-0.988846		0.136925
19696	12.5004		5.3224		-41.8470		-15.7185		-0.988846		0.136974
19803	12.5004		5.7863		-42.0423		-15.7294		-0.988846		0.137071
